%%MatrixMarket matrix coordinate real general
%-------------------------------------------------------------------------------
% UF Sparse Matrix Collection, Tim Davis
% http://www.cise.ufl.edu/research/sparse/matrices/DRIVCAV/cavity01
% name: DRIVCAV/cavity01
% [Driven Cavity   5 x  5, Reynolds number: 0]
% id: 380
% date: 1996
% author: A. Chapman
% ed: A. Baggag, Y. Saad
% fields: title A Zeros b x name id kind notes date author ed
% kind: computational fluid dynamics problem sequence
%-------------------------------------------------------------------------------
% notes:
% next: DRIVCAV/cavity02 first: DRIVCAV/cavity01
%-------------------------------------------------------------------------------
317 317 7327
1 1 1
2 2 1
3 3 1
4 4 1
1 5 -.0333333333333217
2 5 -.0277777777777726
3 5 -.22222222222224
4 5 8.88178419700125e-16
5 5 3.73333333333261
6 5 1.77635683940025e-15
7 5 .022222222222157
8 5 -8.88178419700125e-16
9 5 .199999999999976
10 5 .111111111111088
11 5 -.0888888888888859
12 5 -7.105427357601e-15
13 5 -1.11111111111082
14 5 1.4210854715202e-14
15 5 .133333333333307
16 5 .111111111111103
17 5 -.533333333333264
18 5 -.444444444444411
19 5 -.0333333333333266
20 5 -.0222222222222161
21 5 -.0333333333333274
22 5 -.222222222222244
23 5 -4.44089209850063e-16
24 5 -.0333333333333212
25 5 .027777777777772
26 5 -.0888888888886918
27 5 -8.88178419700125e-15
28 5 .199999999999972
29 5 -.111111111111088
30 5 .13333333333331
31 5 -.111111111111102
32 5 -.533333333333282
33 5 .444444444444406
34 5 -.0333333333333317
35 5 -.0222222222222198
36 5 .0333333333333306
82 5 -.0333333333333212
83 5 .0277777777777727
84 5 .0222222222221584
85 5 -1.33226762955019e-15
86 5 .199999999999972
87 5 -.11111111111109
88 5 .133333333333304
89 5 -.111111111111103
90 5 -1.11111111111082
91 5 3.5527136788005e-15
92 5 -.533333333333239
93 5 .444444444444411
94 5 .033333333333327
95 5 -.0222222222222161
96 5 .0333333333333279
97 5 -.0333333333333206
98 5 -.0277777777777725
99 5 .133333333333311
100 5 .111111111111102
101 5 .199999999999969
102 5 .111111111111087
103 5 -.533333333333292
104 5 -.444444444444406
105 5 .0333333333333306
106 5 -.0222222222222194
107 5 -.0333333333333292
1 6 -.0277777777777725
2 6 -.033333333333321
3 6 4.44089209850063e-16
4 6 .0222222222221493
5 6 1.77635683940025e-15
6 6 3.73333333333258
7 6 -4.44089209850063e-16
8 6 -.222222222222237
9 6 .111111111111101
10 6 .133333333333304
11 6 -1.77635683940025e-15
12 6 -1.11111111111093
13 6 7.105427357601e-15
14 6 -.0888888888887833
15 6 .111111111111089
16 6 .199999999999975
17 6 -.444444444444411
18 6 -.533333333333271
19 6 -.0333333333333283
20 6 -.0333333333333286
21 6 -.022222222222217
22 6 -1.33226762955019e-15
23 6 .0222222222221471
24 6 .0277777777777719
25 6 -.033333333333321
26 6 -1.77635683940025e-15
27 6 -1.11111111111074
28 6 -.111111111111101
29 6 .133333333333305
30 6 -.111111111111089
31 6 .199999999999967
32 6 .444444444444407
33 6 -.53333333333326
34 6 .0333333333333286
35 6 .0333333333333286
36 6 -.0222222222222173
82 6 .0277777777777727
83 6 -.0333333333333221
84 6 -1.33226762955019e-15
85 6 -.222222222222239
86 6 -.111111111111103
87 6 .133333333333304
88 6 -.111111111111091
89 6 .199999999999975
90 6 -1.77635683940025e-15
91 6 -.0888888888888038
92 6 .444444444444407
93 6 -.533333333333243
94 6 -.0333333333333283
95 6 .0333333333333292
96 6 -.022222222222217
97 6 -.0277777777777724
98 6 -.0333333333333203
99 6 .111111111111089
100 6 .199999999999966
101 6 .1111111111111
102 6 .133333333333304
103 6 -.444444444444406
104 6 -.53333333333325
105 6 .0333333333333286
106 6 -.0333333333333292
107 6 -.0222222222222174
7 7 1
8 8 1
9 9 1
10 10 1
1 11 .133333333333304
2 11 .111111111111091
3 11 -.0888888888886599
4 11 -7.105427357601e-15
5 11 -.0888888888888859
6 11 -1.77635683940025e-15
7 11 .133333333333311
8 11 -.111111111111088
9 11 -.533333333333307
10 11 -.444444444444356
11 11 6.39999999999944
12 11 5.32907051820075e-15
13 11 -.533333333333214
14 11 .44444444444435
15 11 .177777777777683
16 11 -2.22044604925031e-15
17 11 -2.48888888888875
18 11 1.4210854715202e-14
19 11 -.133333333333333
20 11 -.088888888888881
21 11 4.88498130835069e-15
82 11 .133333333333308
83 11 -.111111111111089
84 11 .13333333333331
85 11 .111111111111089
86 11 -.533333333333296
87 11 .444444444444361
88 11 .177777777777685
89 11 -2.44249065417534e-15
90 11 -.533333333333257
91 11 -.444444444444358
92 11 -2.48888888888867
93 11 -3.5527136788005e-15
94 11 .133333333333333
95 11 -.0888888888888819
96 11 -2.99760216648792e-15
1 12 .111111111111103
2 12 .199999999999961
3 12 -1.06581410364015e-14
4 12 -1.11111111111069
5 12 -7.105427357601e-15
6 12 -1.11111111111093
7 12 -.111111111111101
8 12 .199999999999982
9 12 -.444444444444459
10 12 -.533333333333243
11 12 5.32907051820075e-15
12 12 5.33333333333255
13 12 .444444444444457
14 12 -.533333333333271
15 12 -3.33066907387547e-15
16 12 -.177777777777796
17 12 1.95399252334028e-14
18 12 -.71111111111113
19 12 1.22124532708767e-15
20 12 9.99200722162641e-16
21 12 .0444444444444352
82 12 -.111111111111101
83 12 .19999999999997
84 12 .111111111111101
85 12 .19999999999998
86 12 .444444444444468
87 12 -.533333333333292
88 12 -3.10862446895044e-15
89 12 -.177777777777794
90 12 -.444444444444464
91 12 -.533333333333296
92 12 -1.77635683940025e-15
93 12 -.711111111111048
94 12 -8.88178419700125e-16
95 12 7.7715611723761e-16
96 12 .0444444444444372
1 13 .199999999999973
2 13 .111111111111104
3 13 .199999999999968
4 13 -.111111111111103
5 13 -1.11111111111082
6 13 7.105427357601e-15
7 13 -1.1111111111108
8 13 0
9 13 -.177777777777797
10 13 8.85300063710363e-15
11 13 -.533333333333214
12 13 .444444444444457
13 13 5.33333333333258
14 13 -7.32644397824404e-15
15 13 -.533333333333214
16 13 -.444444444444459
17 13 -.711111111111258
18 13 -1.32116539930394e-14
19 13 -1.84523178629829e-15
20 13 .0444444444444305
21 13 -1.88737914186277e-15
22 13 .199999999999987
23 13 .111111111111104
24 13 .199999999999978
25 13 -.111111111111103
26 13 -.533333333333292
27 13 -.444444444444464
28 13 -.177777777777811
29 13 2.66453525910038e-15
30 13 -.533333333333299
31 13 .444444444444466
32 13 -.711111111111034
33 13 -3.33066907387547e-15
34 13 6.93889390390723e-16
35 13 .0444444444444387
36 13 -4.16333634234434e-16
1 14 .11111111111109
2 14 .133333333333307
3 14 -.111111111111089
4 14 .133333333333309
5 14 1.4210854715202e-14
6 14 -.0888888888887833
7 14 -5.32907051820075e-15
8 14 -.0888888888887593
9 14 8.96402293956614e-15
10 14 .177777777777688
11 14 .44444444444435
12 14 -.533333333333271
13 14 -7.32644397824404e-15
14 14 6.39999999999955
15 14 -.44444444444435
16 14 -.53333333333325
17 14 -1.33226762955018e-14
18 14 -2.48888888888892
19 14 -.133333333333333
20 14 5.55111512312578e-17
21 14 -.0888888888888819
22 14 .111111111111091
23 14 .133333333333312
24 14 -.11111111111109
25 14 .133333333333311
26 14 -.444444444444359
27 14 -.533333333333257
28 14 2.1094237467878e-15
29 14 .177777777777679
30 14 .444444444444361
31 14 -.533333333333292
32 14 -7.7715611723761e-16
33 14 -2.48888888888867
34 14 .133333333333333
35 14 -8.74300631892311e-16
36 14 -.0888888888888815
15 15 1
16 16 1
1 17 -.533333333333303
2 17 -.444444444444413
3 17 -.533333333333299
4 17 .444444444444409
5 17 -.533333333333264
6 17 -.444444444444411
7 17 -.533333333333285
8 17 .444444444444411
9 17 -.711111111110871
10 17 -2.74225087082414e-14
11 17 -2.48888888888875
12 17 1.95399252334028e-14
13 17 -.711111111111258
14 17 -1.33226762955018e-14
15 17 -2.48888888888868
16 17 8.88178419700125e-15
17 17 8.53333333333273
18 17 1.48358691586958e-14
19 17 4.44089209850063e-16
20 17 .177777777777765
21 17 -1.11022302462516e-16
1 18 -.444444444444416
2 18 -.533333333333278
3 18 .444444444444413
4 18 -.533333333333271
5 18 -.444444444444411
6 18 -.533333333333271
7 18 .444444444444411
8 18 -.533333333333296
9 18 -2.73114864057789e-14
10 18 -2.48888888888844
11 18 1.4210854715202e-14
12 18 -.71111111111113
13 18 -1.32116539930394e-14
14 18 -2.48888888888892
15 18 1.06581410364015e-14
16 18 -.711111111111062
17 18 1.48358691586958e-14
18 18 8.53333333333268
19 18 4.44089209850063e-16
20 18 -1.3898347493455e-15
21 18 .177777777777762
19 19 1
1 20 .0222222222222194
2 20 .0333333333333292
3 20 .0222222222222206
4 20 -.0333333333333292
5 20 .0222222222222161
6 20 .0333333333333286
7 20 .0222222222222174
8 20 -.0333333333333299
9 20 -.0444444444444398
10 20 8.04911692853238e-16
11 20 .088888888888881
12 20 -9.99200722162641e-16
13 20 -.0444444444444305
14 20 -5.55111512312578e-17
15 20 .0888888888888792
16 20 0
17 20 -.177777777777765
18 20 1.3898347493455e-15
1 21 .0333333333333312
2 21 .0222222222222178
3 21 -.0333333333333328
4 21 .022222222222218
5 21 .0333333333333274
6 21 .022222222222217
7 21 -.0333333333333281
8 21 .0222222222222183
9 21 3.76088049591772e-15
10 21 .0888888888888806
11 21 -4.88498130835069e-15
12 21 -.0444444444444352
13 21 1.88737914186277e-15
14 21 .0888888888888819
15 21 1.4432899320127e-15
16 21 -.0444444444444363
17 21 1.11022302462516e-16
18 21 -.177777777777762
5 22 -.222222222222244
6 22 -1.33226762955019e-15
7 22 -.0333333333333232
8 22 -.0277777777777727
13 22 .199999999999987
14 22 .111111111111091
22 22 3.73333333333268
23 22 1.06581410364015e-14
24 22 .0222222222221637
25 22 -8.88178419700125e-16
26 22 -.0888888888888228
27 22 -8.88178419700125e-15
28 22 -1.11111111111097
29 22 2.30926389122033e-14
30 22 .133333333333311
31 22 .111111111111104
32 22 -.533333333333303
33 22 -.444444444444416
34 22 -.0333333333333299
35 22 -.0222222222222185
36 22 -.0333333333333301
37 22 -.222222222222231
38 22 2.66453525910038e-15
39 22 -.0333333333333221
40 22 .0277777777777722
41 22 -.0888888888886368
42 22 -1.59872115546023e-14
43 22 .199999999999965
44 22 -.111111111111088
45 22 .13333333333332
46 22 -.111111111111102
47 22 -.533333333333299
48 22 .444444444444404
49 22 -.0333333333333323
50 22 -.02222222222222
51 22 .0333333333333303
84 22 -.0333333333333214
85 22 .027777777777772
90 22 .199999999999974
91 22 -.111111111111091
97 22 .0222222222221581
98 22 -2.22044604925031e-15
99 22 .1333333333333
100 22 -.111111111111102
101 22 -1.11111111111079
102 22 5.32907051820075e-15
103 22 -.53333333333325
104 22 .444444444444411
105 22 .0333333333333306
106 22 -.0222222222222174
107 22 .0333333333333306
108 22 -.0333333333333194
109 22 -.0277777777777717
110 22 .13333333333331
111 22 .1111111111111
112 22 .199999999999966
113 22 .111111111111084
114 22 -.533333333333324
115 22 -.444444444444406
116 22 .0333333333333306
117 22 -.0222222222222197
118 22 -.0333333333333286
5 23 -4.44089209850063e-16
6 23 .0222222222221471
7 23 -.0277777777777726
8 23 -.0333333333333217
13 23 .111111111111104
14 23 .133333333333312
22 23 1.06581410364015e-14
23 23 3.7333333333326
24 23 -1.33226762955019e-15
25 23 -.222222222222225
26 23 -7.105427357601e-15
27 23 -1.11111111111084
28 23 2.30926389122033e-14
29 23 -.0888888888889032
30 23 .111111111111091
31 23 .199999999999971
32 23 -.444444444444416
33 23 -.533333333333275
34 23 -.033333333333327
35 23 -.0333333333333279
36 23 -.0222222222222164
37 23 1.77635683940025e-15
38 23 .0222222222221649
39 23 .0277777777777721
40 23 -.0333333333333228
41 23 -1.77635683940025e-14
42 23 -1.11111111111072
43 23 -.1111111111111
44 23 .133333333333305
45 23 -.11111111111109
46 23 .199999999999979
47 23 .444444444444404
48 23 -.533333333333278
49 23 .0333333333333286
50 23 .0333333333333288
51 23 -.0222222222222171
84 23 .0277777777777721
85 23 -.0333333333333214
90 23 -.111111111111104
91 23 .133333333333308
97 23 -1.33226762955019e-15
98 23 -.222222222222237
99 23 -.111111111111089
100 23 .199999999999969
101 23 3.5527136788005e-15
102 23 -.08888888888873
103 23 .444444444444407
104 23 -.533333333333271
105 23 -.0333333333333308
106 23 .0333333333333303
107 23 -.0222222222222185
108 23 -.027777777777772
109 23 -.0333333333333192
110 23 .111111111111086
111 23 .199999999999966
112 23 .111111111111096
113 23 .133333333333306
114 23 -.4444444444444
115 23 -.533333333333299
116 23 .0333333333333297
117 23 -.0333333333333292
118 23 -.0222222222222187
24 24 1
25 25 1
5 26 -.0888888888886918
6 26 -1.77635683940025e-15
7 26 .133333333333309
8 26 .11111111111109
13 26 -.533333333333292
14 26 -.444444444444359
22 26 -.0888888888888228
23 26 -7.105427357601e-15
24 26 .133333333333297
25 26 -.111111111111087
26 26 6.39999999999944
27 26 1.24344978758018e-14
28 26 -.533333333333228
29 26 .444444444444347
30 26 .177777777777704
31 26 -4.44089209850063e-16
32 26 -2.48888888888885
33 26 1.15463194561016e-14
34 26 -.133333333333333
35 26 -.0888888888888819
36 26 2.66453525910038e-15
84 26 .133333333333319
85 26 -.111111111111089
90 26 -.533333333333267
91 26 .444444444444354
97 26 .133333333333301
98 26 .11111111111109
99 26 .177777777777676
100 26 2.66453525910038e-15
101 26 -.533333333333271
102 26 -.444444444444361
103 26 -2.48888888888865
104 26 0
105 26 .133333333333333
106 26 -.0888888888888824
107 26 4.44089209850063e-16
5 27 -8.88178419700125e-15
6 27 -1.11111111111074
7 27 .111111111111103
8 27 .199999999999966
13 27 -.444444444444464
14 27 -.533333333333257
22 27 -8.88178419700125e-15
23 27 -1.11111111111084
24 27 -.1111111111111
25 27 .199999999999965
26 27 1.24344978758018e-14
27 27 5.33333333333252
28 27 .444444444444452
29 27 -.533333333333239
30 27 -8.88178419700125e-16
31 27 -.177777777777776
32 27 1.4210854715202e-14
33 27 -.711111111111197
34 27 -1.55431223447522e-15
35 27 -1.11022302462516e-15
36 27 .0444444444444336
84 27 -.111111111111102
85 27 .19999999999998
90 27 .444444444444461
91 27 -.533333333333278
97 27 .111111111111103
98 27 .199999999999973
99 27 1.77635683940025e-15
100 27 -.177777777777799
101 27 -.444444444444462
102 27 -.533333333333292
103 27 3.5527136788005e-15
104 27 -.711111111111045
105 27 1.4432899320127e-15
106 27 -9.99200722162641e-16
107 27 .0444444444444372
5 28 .199999999999972
6 28 -.111111111111101
7 28 .199999999999973
8 28 .111111111111101
13 28 -.177777777777811
14 28 2.1094237467878e-15
22 28 -1.11111111111097
23 28 2.30926389122033e-14
24 28 -1.11111111111079
25 28 -5.32907051820075e-15
26 28 -.533333333333228
27 28 .444444444444452
28 28 5.3333333333326
29 28 -4.10851051396794e-15
30 28 -.533333333333271
31 28 -.444444444444461
32 28 -.711111111111045
33 28 -1.23234755733392e-14
34 28 -3.69149155687865e-15
35 28 .0444444444444352
36 28 -2.53963516883005e-15
37 28 .199999999999988
38 28 .111111111111104
39 28 .199999999999982
40 28 -.111111111111104
41 28 -.533333333333303
42 28 -.444444444444462
43 28 -.177777777777793
44 28 3.38686554796164e-15
45 28 -.533333333333356
46 28 .44444444444447
47 28 -.711111111111013
48 28 -3.66373598126302e-15
49 28 1.27435784832743e-15
50 28 .0444444444444401
51 28 -1.49880108324396e-15
5 29 -.111111111111088
6 29 .133333333333305
7 29 .111111111111089
8 29 .133333333333304
13 29 2.66453525910038e-15
14 29 .177777777777679
22 29 2.30926389122033e-14
23 29 -.0888888888889032
24 29 -8.88178419700125e-15
25 29 -.0888888888887438
26 29 .444444444444347
27 29 -.533333333333239
28 29 -4.10851051396794e-15
29 29 6.39999999999935
30 29 -.444444444444358
31 29 -.533333333333271
32 29 -1.49880108324396e-14
33 29 -2.48888888888865
34 29 -.133333333333332
35 29 1.74860126378462e-15
36 29 -.088888888888881
37 29 .111111111111092
38 29 .133333333333307
39 29 -.111111111111092
40 29 .133333333333319
41 29 -.444444444444363
42 29 -.533333333333221
43 29 4.16402166519925e-15
44 29 .17777777777769
45 29 .44444444444437
46 29 -.533333333333346
47 29 -4.88498130835069e-15
48 29 -2.48888888888862
49 29 .133333333333331
50 29 -2.81719092498633e-15
51 29 -.0888888888888806
30 30 1
31 31 1
5 32 -.533333333333282
6 32 .444444444444407
7 32 -.533333333333275
8 32 -.444444444444409
13 32 -.711111111111034
14 32 -7.7715611723761e-16
22 32 -.533333333333303
23 32 -.444444444444416
24 32 -.533333333333278
25 32 .444444444444413
26 32 -2.48888888888885
27 32 1.4210854715202e-14
28 32 -.711111111111045
29 32 -1.49880108324396e-14
30 32 -2.48888888888871
31 32 -2.66453525910038e-15
32 32 8.53333333333279
33 32 1.00495743414225e-14
34 32 6.66133814775094e-16
35 32 .177777777777767
36 32 -4.9960036108132e-16
5 33 .444444444444406
6 33 -.53333333333326
7 33 -.444444444444406
8 33 -.533333333333264
13 33 -3.33066907387547e-15
14 33 -2.48888888888867
22 33 -.444444444444416
23 33 -.533333333333275
24 33 .444444444444413
25 33 -.533333333333285
26 33 1.15463194561016e-14
27 33 -.711111111111197
28 33 -1.23234755733392e-14
29 33 -2.48888888888865
30 33 -2.66453525910038e-15
31 33 -.71111111111108
32 33 1.00495743414225e-14
33 33 8.53333333333268
34 33 -8.88178419700125e-16
35 33 -1.28498035257538e-15
36 33 .177777777777762
5 34 .0333333333333317
6 34 -.0333333333333286
7 34 -.0333333333333303
8 34 -.0333333333333301
13 34 -6.93889390390723e-16
14 34 -.133333333333333
22 34 .0333333333333299
23 34 .033333333333327
24 34 -.0333333333333312
25 34 .0333333333333317
26 34 .133333333333333
27 34 1.55431223447522e-15
28 34 3.69149155687865e-15
29 34 .133333333333332
30 34 -.133333333333336
31 34 -5.55111512312578e-16
32 34 -6.66133814775094e-16
33 34 8.88178419700125e-16
5 35 .0222222222222198
6 35 -.0333333333333286
7 35 .0222222222222188
8 35 .0333333333333297
13 35 -.0444444444444387
14 35 8.74300631892311e-16
22 35 .0222222222222185
23 35 .0333333333333279
24 35 .0222222222222185
25 35 -.0333333333333303
26 35 .0888888888888819
27 35 1.11022302462516e-15
28 35 -.0444444444444352
29 35 -1.74860126378462e-15
30 35 .0888888888888837
31 35 4.44089209850063e-16
32 35 -.177777777777767
33 35 1.28498035257538e-15
5 36 -.0333333333333306
6 36 .0222222222222173
7 36 .0333333333333299
8 36 .0222222222222184
13 36 4.16333634234434e-16
14 36 .0888888888888815
22 36 .0333333333333301
23 36 .0222222222222164
24 36 -.033333333333331
25 36 .0222222222222194
26 36 -2.66453525910038e-15
27 36 -.0444444444444336
28 36 2.53963516883005e-15
29 36 .088888888888881
30 36 2.22044604925031e-16
31 36 -.0444444444444381
32 36 4.9960036108132e-16
33 36 -.177777777777762
22 37 -.222222222222231
23 37 1.77635683940025e-15
24 37 -.033333333333321
25 37 -.0277777777777725
28 37 .199999999999988
29 37 .111111111111092
37 37 3.73333333333261
38 37 1.95399252334028e-14
39 37 .0222222222221607
40 37 4.44089209850063e-16
41 37 -.0888888888889454
42 37 -3.19744231092045e-14
43 37 -1.11111111111094
44 37 1.59872115546023e-14
45 37 .133333333333304
46 37 .111111111111102
47 37 -.533333333333278
48 37 -.44444444444442
49 37 -.0333333333333279
50 37 -.0222222222222166
51 37 -.0333333333333292
52 37 -.222222222222249
53 37 -4.88498130835069e-15
54 37 -.0333333333333217
55 37 .027777777777772
56 37 -.088888888888679
57 37 -1.77635683940025e-15
58 37 .199999999999972
59 37 -.111111111111088
60 37 .133333333333317
61 37 -.111111111111103
62 37 -.533333333333285
63 37 .444444444444406
64 37 -.0333333333333312
65 37 -.0222222222222199
66 37 .0333333333333306
97 37 -.0333333333333226
98 37 .0277777777777725
101 37 .199999999999972
102 37 -.111111111111095
108 37 .0222222222221389
109 37 -2.22044604925031e-15
110 37 .133333333333299
111 37 -.111111111111102
112 37 -1.11111111111069
113 37 1.4210854715202e-14
114 37 -.533333333333207
115 37 .444444444444411
116 37 .0333333333333254
117 37 -.022222222222214
118 37 .0333333333333277
119 37 -.0333333333333223
120 37 -.0277777777777719
121 37 .13333333333332
122 37 .111111111111101
123 37 .199999999999972
124 37 .111111111111084
125 37 -.53333333333331
126 37 -.4444444444444
127 37 .0333333333333292
128 37 -.022222222222219
129 37 -.0333333333333281
22 38 2.66453525910038e-15
23 38 .0222222222221649
24 38 -.0277777777777725
25 38 -.0333333333333208
28 38 .111111111111104
29 38 .133333333333307
37 38 1.95399252334028e-14
38 38 3.73333333333264
39 38 0
40 38 -.222222222222235
41 38 -3.01980662698043e-14
42 38 -1.11111111111096
43 38 2.1316282072803e-14
44 38 -.0888888888888739
45 38 .11111111111109
46 38 .199999999999978
47 38 -.444444444444423
48 38 -.533333333333267
49 38 -.033333333333327
50 38 -.0333333333333277
51 38 -.0222222222222157
52 38 -5.32907051820075e-15
53 38 .0222222222221435
54 38 .0277777777777719
55 38 -.0333333333333214
56 38 -3.5527136788005e-15
57 38 -1.11111111111072
58 38 -.111111111111102
59 38 .133333333333304
60 38 -.111111111111089
61 38 .199999999999972
62 38 .444444444444407
63 38 -.533333333333246
64 38 .0333333333333274
65 38 .0333333333333281
66 38 -.0222222222222167
97 38 .0277777777777727
98 38 -.0333333333333243
101 38 -.111111111111107
102 38 .133333333333319
108 38 -3.10862446895044e-15
109 38 -.222222222222253
110 38 -.111111111111088
111 38 .19999999999998
112 38 1.59872115546023e-14
113 38 -.0888888888886705
114 38 .444444444444404
115 38 -.533333333333299
116 38 -.0333333333333314
117 38 .0333333333333306
118 38 -.0222222222222198
119 38 -.0277777777777719
120 38 -.0333333333333214
121 38 .111111111111088
122 38 .199999999999974
123 38 .111111111111097
124 38 .13333333333331
125 38 -.4444444444444
126 38 -.533333333333296
127 38 .0333333333333308
128 38 -.0333333333333299
129 38 -.0222222222222191
39 39 1
40 40 1
22 41 -.0888888888886368
23 41 -1.77635683940025e-14
24 41 .133333333333302
25 41 .111111111111088
28 41 -.533333333333303
29 41 -.444444444444363
37 41 -.0888888888889454
38 41 -3.01980662698043e-14
39 41 .133333333333306
40 41 -.111111111111089
41 41 6.39999999999944
42 41 7.99360577730113e-15
43 41 -.533333333333196
44 41 .444444444444343
45 41 .17777777777767
46 41 -6.66133814775094e-16
47 41 -2.48888888888875
48 41 3.64153152077051e-14
49 41 -.13333333333333
50 41 -.0888888888888792
51 41 5.88418203051333e-15
97 41 .133333333333334
98 41 -.111111111111092
101 41 -.533333333333282
102 41 .444444444444366
108 41 .133333333333293
109 41 .111111111111089
110 41 .177777777777676
111 41 -8.88178419700125e-16
112 41 -.533333333333275
113 41 -.444444444444356
114 41 -2.48888888888867
115 41 1.95399252334028e-14
116 41 .133333333333331
117 41 -.088888888888881
118 41 -4.44089209850063e-16
22 42 -1.59872115546023e-14
23 42 -1.11111111111072
24 42 .111111111111101
25 42 .199999999999961
28 42 -.444444444444462
29 42 -.533333333333221
37 42 -3.19744231092045e-14
38 42 -1.11111111111096
39 42 -.111111111111101
40 42 .19999999999998
41 42 7.99360577730113e-15
42 42 5.33333333333258
43 42 .444444444444445
44 42 -.533333333333232
45 42 -6.66133814775094e-16
46 42 -.17777777777781
47 42 3.73034936274053e-14
48 42 -.711111111111158
49 42 9.99200722162641e-16
50 42 6.66133814775094e-16
51 42 .0444444444444314
97 42 -.111111111111106
98 42 .199999999999992
101 42 .444444444444466
102 42 -.533333333333307
108 42 .111111111111103
109 42 .199999999999968
110 42 4.44089209850063e-16
111 42 -.177777777777807
112 42 -.444444444444459
113 42 -.533333333333282
114 42 1.4210854715202e-14
115 42 -.71111111111103
116 42 -9.99200722162641e-16
117 42 8.88178419700125e-16
118 42 .0444444444444376
22 43 .199999999999965
23 43 -.1111111111111
24 43 .199999999999947
25 43 .1111111111111
28 43 -.177777777777793
29 43 4.16402166519925e-15
37 43 -1.11111111111094
38 43 2.1316282072803e-14
39 43 -1.1111111111107
40 43 -1.4210854715202e-14
41 43 -.533333333333196
42 43 .444444444444445
43 43 5.33333333333252
44 43 -2.83113724507964e-14
45 43 -.533333333333186
46 43 -.444444444444446
47 43 -.711111111111208
48 43 1.33226762955019e-14
49 43 1.52895528885109e-15
50 43 .0444444444444299
51 43 5.55111512312578e-16
52 43 .199999999999989
53 43 .111111111111102
54 43 .199999999999976
55 43 -.111111111111102
56 43 -.533333333333292
57 43 -.444444444444462
58 43 -.177777777777804
59 43 1.4432899320127e-15
60 43 -.533333333333339
61 43 .44444444444447
62 43 -.711111111110995
63 43 -1.22124532708767e-15
64 43 -3.60822483003177e-16
65 43 .0444444444444403
66 43 -2.91433543964104e-16
22 44 -.111111111111088
23 44 .133333333333305
24 44 .111111111111087
25 44 .133333333333298
28 44 3.38686554796164e-15
29 44 .17777777777769
37 44 1.59872115546023e-14
38 44 -.0888888888888739
39 44 -1.06581410364015e-14
40 44 -.0888888888886799
41 44 .444444444444343
42 44 -.533333333333232
43 44 -2.83113724507964e-14
44 44 6.39999999999949
45 44 -.444444444444343
46 44 -.53333333333326
47 44 1.63202784619898e-14
48 44 -2.48888888888888
49 44 -.133333333333333
50 44 2.16493489801906e-15
51 44 -.0888888888888819
52 44 .111111111111089
53 44 .133333333333306
54 44 -.111111111111089
55 44 .133333333333313
56 44 -.444444444444354
57 44 -.533333333333221
58 44 1.55431223447522e-15
59 44 .177777777777683
60 44 .444444444444361
61 44 -.533333333333328
62 44 -2.22044604925063e-16
63 44 -2.48888888888864
64 44 .133333333333333
65 44 -2.78943534937071e-15
66 44 -.0888888888888815
45 45 1
46 46 1
22 47 -.533333333333299
23 47 .444444444444404
24 47 -.533333333333232
25 47 -.444444444444397
28 47 -.711111111111013
29 47 -4.88498130835069e-15
37 47 -.533333333333278
38 47 -.444444444444423
39 47 -.53333333333331
40 47 .444444444444416
41 47 -2.48888888888875
42 47 3.73034936274053e-14
43 47 -.711111111111208
44 47 1.63202784619898e-14
45 47 -2.48888888888848
46 47 -1.95399252334028e-14
47 47 8.53333333333256
48 47 -3.4474480883174e-14
49 47 1.55431223447522e-15
50 47 .17777777777776
51 47 -2.1094237467878e-15
22 48 .444444444444404
23 48 -.533333333333278
24 48 -.444444444444393
25 48 -.533333333333271
28 48 -3.66373598126302e-15
29 48 -2.48888888888862
37 48 -.44444444444442
38 48 -.533333333333267
39 48 .444444444444418
40 48 -.533333333333339
41 48 3.64153152077051e-14
42 48 -.711111111111158
43 48 1.33226762955019e-14
44 48 -2.48888888888888
45 48 -1.86517468137026e-14
46 48 -.71111111111091
47 48 -3.4474480883174e-14
48 48 8.53333333333268
49 48 -1.33226762955019e-15
50 48 -1.49057720898741e-15
51 48 .177777777777763
22 49 .0333333333333323
23 49 -.0333333333333286
24 49 -.033333333333329
25 49 -.0333333333333319
28 49 -1.27435784832743e-15
29 49 -.133333333333331
37 49 .0333333333333279
38 49 .033333333333327
39 49 -.0333333333333283
40 49 .0333333333333325
41 49 .13333333333333
42 49 -9.99200722162641e-16
43 49 -1.52895528885109e-15
44 49 .133333333333333
45 49 -.133333333333329
46 49 -1.11022302462516e-16
47 49 -1.55431223447522e-15
48 49 1.33226762955019e-15
22 50 .02222222222222
23 50 -.0333333333333288
24 50 .0222222222222176
25 50 .0333333333333308
28 50 -.0444444444444401
29 50 2.81719092498633e-15
37 50 .0222222222222166
38 50 .0333333333333277
39 50 .0222222222222168
40 50 -.0333333333333312
41 50 .0888888888888792
42 50 -6.66133814775094e-16
43 50 -.0444444444444299
44 50 -2.16493489801906e-15
45 50 .0888888888888801
46 50 0
47 50 -.17777777777776
48 50 1.49057720898741e-15
22 51 -.0333333333333303
23 51 .0222222222222171
24 51 .0333333333333283
25 51 .0222222222222196
28 51 1.49880108324396e-15
29 51 .0888888888888806
37 51 .0333333333333292
38 51 .0222222222222157
39 51 -.0333333333333288
40 51 .0222222222222199
41 51 -5.88418203051333e-15
42 51 -.0444444444444314
43 51 -5.55111512312578e-16
44 51 .0888888888888819
45 51 4.32986979603811e-15
46 51 -.0444444444444394
47 51 2.1094237467878e-15
48 51 -.177777777777763
37 52 -.222222222222249
38 52 -5.32907051820075e-15
39 52 -.0333333333333219
40 52 -.0277777777777722
43 52 .199999999999989
44 52 .111111111111089
52 52 3.73333333333271
53 52 3.10862446895044e-14
54 52 .0222222222221635
55 52 1.77635683940025e-15
56 52 -.08888888888879
57 52 -1.95399252334028e-14
58 52 -1.11111111111101
59 52 1.06581410364015e-14
60 52 .13333333333331
61 52 .111111111111103
62 52 -.533333333333321
63 52 -.444444444444416
64 52 -.0333333333333325
65 52 -.0222222222222196
66 52 -.0333333333333314
67 52 -.222222222222239
68 52 -3.99680288865056e-15
69 52 -.0333333333333266
70 52 .0277777777777729
71 52 -.0888888888886616
72 52 0
73 52 .199999999999978
74 52 -.111111111111089
75 52 .133333333333326
76 52 -.111111111111105
77 52 -.533333333333299
78 52 .444444444444409
79 52 -.0333333333333317
80 52 -.0222222222222203
81 52 .0333333333333303
108 52 -.0333333333333206
109 52 .0277777777777726
112 52 .199999999999972
113 52 -.111111111111094
119 52 .0222222222221581
120 52 -3.5527136788005e-15
121 52 .133333333333278
122 52 -.111111111111099
123 52 -1.11111111111082
124 52 -1.77635683940025e-15
125 52 -.533333333333218
126 52 .444444444444404
127 52 .0333333333333308
128 52 -.0222222222222167
129 52 .0333333333333317
130 52 -.0333333333333246
131 52 -.0277777777777726
132 52 .133333333333333
133 52 .111111111111105
134 52 .199999999999968
135 52 .111111111111085
136 52 -.533333333333331
137 52 -.444444444444409
138 52 .0333333333333297
139 52 -.0222222222222199
140 52 -.0333333333333281
37 53 -4.88498130835069e-15
38 53 .0222222222221435
39 53 -.0277777777777724
40 53 -.0333333333333206
43 53 .111111111111102
44 53 .133333333333306
52 53 3.10862446895044e-14
53 53 3.73333333333257
54 53 2.22044604925031e-15
55 53 -.22222222222223
56 53 -1.4210854715202e-14
57 53 -1.11111111111079
58 53 1.06581410364015e-14
59 53 -.0888888888889308
60 53 .11111111111109
61 53 .199999999999972
62 53 -.444444444444416
63 53 -.53333333333326
64 53 -.0333333333333268
65 53 -.0333333333333279
66 53 -.022222222222216
67 53 -3.99680288865056e-15
68 53 .0222222222221506
69 53 .0277777777777728
70 53 -.0333333333333241
71 53 5.32907051820075e-15
72 53 -1.1111111111107
73 53 -.111111111111101
74 53 .133333333333305
75 53 -.111111111111091
76 53 .199999999999977
77 53 .444444444444404
78 53 -.533333333333243
79 53 .0333333333333254
80 53 .0333333333333268
81 53 -.0222222222222155
108 53 .0277777777777726
109 53 -.0333333333333219
112 53 -.111111111111107
113 53 .13333333333331
119 53 -3.5527136788005e-15
120 53 -.222222222222232
121 53 -.111111111111086
122 53 .199999999999957
123 53 -3.5527136788005e-15
124 53 -.088888888888778
125 53 .444444444444409
126 53 -.533333333333246
127 53 -.0333333333333299
128 53 .0333333333333297
129 53 -.0222222222222186
130 53 -.0277777777777725
131 53 -.0333333333333226
132 53 .111111111111091
133 53 .199999999999985
134 53 .111111111111099
135 53 .133333333333304
136 53 -.444444444444409
137 53 -.533333333333307
138 53 .0333333333333308
139 53 -.0333333333333306
140 53 -.0222222222222188
54 54 1
55 55 1
37 56 -.088888888888679
38 56 -3.5527136788005e-15
39 56 .133333333333304
40 56 .111111111111088
43 56 -.533333333333292
44 56 -.444444444444354
52 56 -.08888888888879
53 56 -1.4210854715202e-14
54 56 .133333333333296
55 56 -.111111111111087
56 56 6.39999999999947
57 56 1.06581410364015e-14
58 56 -.533333333333196
59 56 .444444444444343
60 56 .177777777777695
61 56 0
62 56 -2.48888888888887
63 56 2.22044604925031e-14
64 56 -.133333333333333
65 56 -.0888888888888815
66 56 2.44249065417534e-15
108 56 .133333333333321
109 56 -.11111111111109
112 56 -.533333333333243
113 56 .444444444444363
119 56 .133333333333309
120 56 .111111111111092
121 56 .177777777777678
122 56 -4.66293670342566e-15
123 56 -.533333333333331
124 56 -.444444444444356
125 56 -2.48888888888868
126 56 -8.88178419700125e-16
127 56 .133333333333335
128 56 -.0888888888888832
129 56 1.11022302462516e-15
37 57 -1.77635683940025e-15
38 57 -1.11111111111072
39 57 .111111111111101
40 57 .199999999999961
43 57 -.444444444444462
44 57 -.533333333333221
52 57 -1.95399252334028e-14
53 57 -1.11111111111079
54 57 -.1111111111111
55 57 .199999999999967
56 57 1.06581410364015e-14
57 57 5.33333333333249
58 57 .444444444444448
59 57 -.533333333333207
60 57 -6.66133814775094e-16
61 57 -.177777777777783
62 57 2.04281036531029e-14
63 57 -.711111111111236
64 57 5.55111512312578e-16
65 57 6.66133814775094e-16
66 57 .0444444444444319
108 57 -.111111111111104
109 57 .199999999999987
112 57 .444444444444464
113 57 -.533333333333271
119 57 .111111111111104
120 57 .199999999999972
121 57 -4.44089209850063e-15
122 57 -.177777777777801
123 57 -.444444444444462
124 57 -.533333333333314
125 57 1.77635683940025e-15
126 57 -.711111111111062
127 57 -4.44089209850063e-16
128 57 4.44089209850063e-16
129 57 .0444444444444378
37 58 .199999999999972
38 58 -.111111111111102
39 58 .199999999999958
40 58 .111111111111101
43 58 -.177777777777804
44 58 1.55431223447522e-15
52 58 -1.11111111111101
53 58 1.06581410364015e-14
54 58 -1.11111111111069
55 58 -1.06581410364015e-14
56 58 -.533333333333196
57 58 .444444444444448
58 58 5.3333333333326
59 58 -1.75877830817703e-14
60 58 -.533333333333225
61 58 -.444444444444454
62 58 -.711111111111116
63 58 -6.43929354282591e-15
64 58 5.55111512312594e-17
65 58 .0444444444444334
66 58 4.57966997657877e-16
67 58 .199999999999979
68 58 .111111111111102
69 58 .19999999999998
70 58 -.111111111111103
71 58 -.533333333333292
72 58 -.444444444444464
73 58 -.177777777777772
74 58 5.18104078158718e-16
75 58 -.533333333333385
76 58 .444444444444477
77 58 -.711111111111045
78 58 1.73194791841524e-14
79 58 -1.28806430542163e-15
80 58 .0444444444444407
81 58 4.16333634234434e-16
37 59 -.111111111111088
38 59 .133333333333304
39 59 .111111111111088
40 59 .133333333333301
43 59 1.4432899320127e-15
44 59 .177777777777683
52 59 1.06581410364015e-14
53 59 -.0888888888889308
54 59 -1.59872115546023e-14
55 59 -.0888888888886674
56 59 .444444444444343
57 59 -.533333333333207
58 59 -1.75877830817703e-14
59 59 6.39999999999947
60 59 -.444444444444347
61 59 -.533333333333275
62 59 -4.32986979603809e-15
63 59 -2.48888888888872
64 59 -.133333333333335
65 59 2.35922392732846e-15
66 59 -.0888888888888824
67 59 .111111111111089
68 59 .13333333333331
69 59 -.111111111111091
70 59 .133333333333312
71 59 -.444444444444358
72 59 -.533333333333243
73 59 6.29126380621233e-16
74 59 .177777777777729
75 59 .444444444444372
76 59 -.53333333333336
77 59 1.37667655053519e-14
78 59 -2.48888888888871
79 59 .133333333333334
80 59 -3.67761376907083e-15
81 59 -.0888888888888824
60 60 1
61 61 1
37 62 -.533333333333285
38 62 .444444444444407
39 62 -.533333333333243
40 62 -.4444444444444
43 62 -.711111111110995
44 62 -2.22044604925063e-16
52 62 -.533333333333321
53 62 -.444444444444416
54 62 -.533333333333285
55 62 .444444444444411
56 62 -2.48888888888887
57 62 2.04281036531029e-14
58 62 -.711111111111116
59 62 -4.32986979603809e-15
60 62 -2.48888888888857
61 62 -9.76996261670138e-15
62 62 8.53333333333262
63 62 -8.33900849607266e-15
64 62 2.1094237467878e-15
65 62 .177777777777766
66 62 6.10622663543836e-16
37 63 .444444444444406
38 63 -.533333333333246
39 63 -.444444444444402
40 63 -.533333333333264
43 63 -1.22124532708767e-15
44 63 -2.48888888888864
52 63 -.444444444444416
53 63 -.53333333333326
54 63 .444444444444411
55 63 -.533333333333317
56 63 2.22044604925031e-14
57 63 -.711111111111236
58 63 -6.43929354282591e-15
59 63 -2.48888888888872
60 63 -7.105427357601e-15
61 63 -.711111111110963
62 63 -8.33900849607266e-15
63 63 8.53333333333256
64 63 4.44089209850063e-16
65 63 -1.00536862785495e-15
66 63 .177777777777765
37 64 .0333333333333312
38 64 -.0333333333333274
39 64 -.0333333333333294
40 64 -.0333333333333325
43 64 3.60822483003177e-16
44 64 -.133333333333333
52 64 .0333333333333325
53 64 .0333333333333268
54 64 -.0333333333333299
55 64 .0333333333333334
56 64 .133333333333333
57 64 -5.55111512312578e-16
58 64 -5.55111512312594e-17
59 64 .133333333333335
60 64 -.133333333333335
61 64 -1.11022302462516e-16
62 64 -2.1094237467878e-15
63 64 -4.44089209850063e-16
37 65 .0222222222222199
38 65 -.0333333333333281
39 65 .0222222222222185
40 65 .0333333333333312
43 65 -.0444444444444403
44 65 2.78943534937071e-15
52 65 .0222222222222196
53 65 .0333333333333279
54 65 .0222222222222176
55 65 -.0333333333333319
56 65 .0888888888888815
57 65 -6.66133814775094e-16
58 65 -.0444444444444334
59 65 -2.35922392732846e-15
60 65 .0888888888888837
61 65 3.33066907387547e-16
62 65 -.177777777777766
63 65 1.00536862785495e-15
37 66 -.0333333333333306
38 66 .0222222222222167
39 66 .0333333333333294
40 66 .02222222222222
43 66 2.91433543964104e-16
44 66 .0888888888888815
52 66 .0333333333333314
53 66 .022222222222216
54 66 -.0333333333333297
55 66 .0222222222222206
56 66 -2.44249065417534e-15
57 66 -.0444444444444319
58 66 -4.57966997657877e-16
59 66 .0888888888888824
60 66 2.44249065417534e-15
61 66 -.0444444444444405
62 66 -6.10622663543836e-16
63 66 -.177777777777765
67 67 1
68 68 1
69 69 1
70 70 1
52 71 -.0888888888886616
53 71 5.32907051820075e-15
54 71 .133333333333296
55 71 .111111111111086
58 71 -.533333333333292
59 71 -.444444444444358
67 71 -.0888888888888832
68 71 -5.32907051820075e-15
69 71 .133333333333327
70 71 -.111111111111094
71 71 6.39999999999941
72 71 0
73 71 -.533333333333246
74 71 .444444444444358
75 71 .177777777777678
76 71 4.66293670342566e-15
77 71 -2.48888888888887
78 71 5.32907051820075e-15
79 71 -.133333333333329
80 71 -.0888888888888797
81 71 3.33066907387547e-15
119 71 .133333333333311
120 71 -.111111111111085
123 71 -.533333333333228
124 71 .444444444444354
130 71 .133333333333299
131 71 .111111111111089
132 71 .177777777777688
133 71 -3.10862446895044e-15
134 71 -.533333333333285
135 71 -.444444444444352
136 71 -2.48888888888857
137 71 -3.5527136788005e-15
138 71 .133333333333329
139 71 -.0888888888888801
140 71 -4.44089209850063e-16
52 72 0
53 72 -1.1111111111107
54 72 .1111111111111
55 72 .199999999999963
58 72 -.444444444444464
59 72 -.533333333333243
67 72 0
68 72 -1.11111111111092
69 72 -.111111111111107
70 72 .19999999999999
71 72 0
72 72 5.33333333333252
73 72 .444444444444457
74 72 -.533333333333239
75 72 5.32907051820075e-15
76 72 -.177777777777804
77 72 3.5527136788005e-15
78 72 -.711111111111229
79 72 2.22044604925031e-16
80 72 2.22044604925031e-16
81 72 .044444444444431
119 72 -.111111111111099
120 72 .199999999999971
123 72 .444444444444457
124 72 -.533333333333243
130 72 .111111111111101
131 72 .199999999999967
132 72 -3.77475828372553e-15
133 72 -.177777777777798
134 72 -.444444444444454
135 72 -.533333333333289
136 72 -8.88178419700125e-16
137 72 -.711111111110988
138 72 4.44089209850063e-16
139 72 -2.22044604925031e-16
140 72 .0444444444444372
73 73 1
74 74 1
75 75 1
76 76 1
52 77 -.533333333333299
53 77 .444444444444404
54 77 -.533333333333196
55 77 -.444444444444391
58 77 -.711111111111045
59 77 1.37667655053519e-14
67 77 -.533333333333253
68 77 -.444444444444409
69 77 -.533333333333317
70 77 .44444444444442
71 77 -2.48888888888887
72 77 3.5527136788005e-15
73 77 -.711111111111315
74 77 1.24344978758018e-14
75 77 -2.48888888888837
76 77 -3.10862446895044e-14
77 77 8.53333333333262
78 77 -2.3586071367593e-14
79 77 1.4432899320127e-15
80 77 .177777777777759
81 77 -2.99760216648792e-15
52 78 .444444444444409
53 78 -.533333333333243
54 78 -.444444444444391
55 78 -.533333333333257
58 78 1.73194791841524e-14
59 78 -2.48888888888871
67 78 -.444444444444413
68 78 -.533333333333264
69 78 .444444444444422
70 78 -.533333333333317
71 78 5.32907051820075e-15
72 78 -.711111111111229
73 78 1.27675647831893e-14
74 78 -2.48888888888904
75 78 -3.46389583683049e-14
76 78 -.711111111110824
77 78 -2.3586071367593e-14
78 78 8.53333333333285
79 78 0
80 78 8.63506796930658e-16
81 78 .177777777777763
52 79 .0333333333333317
53 79 -.0333333333333254
54 79 -.0333333333333283
55 79 -.0333333333333334
58 79 1.28806430542163e-15
59 79 -.133333333333334
67 79 .0333333333333257
68 79 .0333333333333266
69 79 -.0333333333333277
70 79 .0333333333333323
71 79 .133333333333329
72 79 -2.22044604925031e-16
73 79 -2.14848714950613e-15
74 79 .133333333333334
75 79 -.133333333333328
76 79 -1.11022302462516e-16
77 79 -1.4432899320127e-15
78 79 0
52 80 .0222222222222203
53 80 -.0333333333333268
54 80 .0222222222222174
55 80 .0333333333333321
58 80 -.0444444444444407
59 80 3.67761376907083e-15
67 80 .0222222222222151
68 80 .0333333333333272
69 80 .0222222222222174
70 80 -.0333333333333317
71 80 .0888888888888797
72 80 -2.22044604925031e-16
73 80 -.0444444444444299
74 80 -3.37230243729891e-15
75 80 .0888888888888797
76 80 -1.11022302462516e-16
77 80 -.177777777777759
78 80 -8.63506796930658e-16
52 81 -.0333333333333303
53 81 .0222222222222155
54 81 .0333333333333279
55 81 .0222222222222204
58 81 -4.16333634234434e-16
