%%MatrixMarket matrix coordinate real general
%-------------------------------------------------------------------------------
% UF Sparse Matrix Collection, Tim Davis
% http://www.cise.ufl.edu/research/sparse/matrices/FIDAP/ex1
% name: FIDAP/ex1
% [ TEST MATRIX FROM FIDAP: EX1.MAT]
% id: 406
% date: 1994
% author: A. Baggag, Y. Saad
% ed: A. Baggag, Y. Saad
% fields: title A Zeros name id date author ed kind
% kind: computational fluid dynamics problem
%-------------------------------------------------------------------------------
216 216 4352
1 1 .000537008289309381
2 1 -.000444444444458009
3 1 .00013072402743172
4 1 -.000222222222329713
6 1 -9.25638444792126e-5
8 1 9.14981948323141e-5
24 1 -.000101304652991417
25 1 1.49760997036229e-5
26 1 -1.49760996762575e-5
30 1 2.99521994072463e-6
31 1 .000111111111138584
36 1 -9.80645818000393e-6
38 1 -2.99521993525148e-6
1 2 -.000444444444458009
2 2 .00503657707087729
3 2 -.000222222222329715
4 2 .000313806661280891
6 2 -.000518633511499889
8 2 -.000810437223936936
24 2 .000111111111138584
25 2 .000119808797519522
26 2 .000179713196224553
30 2 2.39617595039045e-5
31 2 -.000731985558681598
36 2 .000261448055050122
38 2 3.59426392449102e-5
1 3 .00013072402743172
2 3 -.000222222222329715
3 3 .00200426260013528
4 3 -.0017777777779371
6 3 9.14981948323202e-5
8 3 -.000226484820972249
24 3 .000130724027431716
25 3 -1.19808797628984e-5
26 3 1.19808797410066e-5
30 3 1.19808797628981e-5
31 3 -.000222222222329709
36 3 9.1498194832321e-5
38 3 -1.19808797410066e-5
1 4 -.000222222222329713
2 4 .000313806661280891
3 4 -.0017777777779371
4 4 .0178459793713446
6 4 -.000810437223936956
8 4 -.0026496162736728
24 4 -.00022222222232971
25 4 -9.58470380156185e-5
26 4 -.000143770556979647
30 4 9.5847038015618e-5
31 4 .000313806661280884
36 4 -.000810437223936956
38 4 .000143770556979645
5 5 .0214015349260339
9 5 -.00264961627378107
25 5 -.000182428675211112
26 5 .00018242867521112
30 5 -.000182428675211113
32 5 .000758251105617058
37 5 -.000810437223950487
38 5 .00018242867521112
1 6 -9.25638444792126e-5
2 6 -.000518633511499889
3 6 9.14981948323202e-5
4 6 -.000810437223936956
6 6 .00635124092724842
7 6 -.00194325275981901
8 6 .00121423328962021
10 6 -.00142372998567639
12 6 -8.9223581620862e-5
14 6 .000274159155190927
24 6 -9.80645818000349e-6
25 6 1.49760996762581e-5
26 6 .000267717305541416
27 6 -1.00781677302105e-5
30 6 2.99521993525159e-6
31 6 .000261448055050116
36 6 -.00111878286411549
38 6 5.35434611082831e-5
39 6 .000593924921768577
45 6 -5.39219395081581e-5
47 6 -2.01563354604208e-6
6 7 -.00194325275981901
7 7 .0136516744005659
8 7 -.00142372998567643
10 7 .00172550206426107
12 7 -.00228388932418457
14 7 -.00196492484033087
26 7 .000326333823236727
27 7 .000366646494157559
36 7 .000593924921768598
38 7 6.5266764647345e-5
39 7 -.00219327324152756
45 7 .000767771938885817
47 7 7.33292988315108e-5
1 8 9.14981948323141e-5
2 8 -.000810437223936936
3 8 -.000226484820972249
4 8 -.0026496162736728
6 8 .00121423328962021
7 8 -.00142372998567643
8 8 .0233582988317719
10 8 -.00824477132355467
12 8 .000274159155190957
14 8 -2.42637741342464e-5
24 8 9.14981948323115e-5
25 8 -1.19808797410062e-5
26 8 -.000214173844433136
27 8 8.06253418416872e-6
30 8 1.19808797410063e-5
31 8 -.000810437223936901
36 8 .0012142332896202
38 8 .000214173844433127
39 8 -.00142372998567643
45 8 .000274159155190967
47 8 -8.06253418417018e-6
5 9 -.00264961627378107
9 9 .0240681750335392
11 9 -.00810413310635372
15 9 -7.87382058721406e-5
25 9 -9.12143375888892e-5
26 9 5.55284984660176e-15
27 9 9.12143375833333e-5
30 9 -9.12143375888892e-5
32 9 -.000810437223950432
37 9 .0013029678148411
38 9 5.55111512312578e-15
40 9 -.00140615020852632
46 9 .00026734985122373
47 9 9.12143375833333e-5
6 10 -.00142372998567639
7 10 .00172550206426107
8 10 -.00824477132355467
10 10 .049284608764675
12 10 -.00196492484033101
14 10 -.00999431922185612
26 10 -.00026106705858938
27 10 -.000293317195326066
36 10 -.00142372998567646
38 10 .000261067058589377
39 10 .00172550206426114
45 10 -.00196492484033103
47 10 .000293317195326064
9 11 -.00810413310635372
11 11 .0501193304438365
15 11 -.00991705971210555
26 11 -.000514510042555552
27 11 .000514510042555573
37 11 -.00140615020852634
38 11 -.000514510042555552
40 11 .00182984227415635
46 11 -.00195526740161221
47 11 .00051451004255558
6 12 -8.9223581620862e-5
7 12 -.00228388932418457
8 12 .000274159155190957
10 12 -.00196492484033101
12 12 .0120439276515307
13 12 -.00425534436383246
14 12 .00305608778106198
16 12 -.00280279191944059
18 12 .000120985828535349
20 12 .000460448139325373
26 12 1.0078167730213e-5
27 12 .000403796304628806
28 12 -6.78210394516873e-6
36 12 -5.39219395081581e-5
38 12 2.01563354604275e-6
39 12 .000767771938885799
45 12 -.00230175068480142
47 12 8.07592609257599e-5
48 12 .00122527776732263
54 12 -.000125887923995462
56 12 -1.35642078903414e-6
12 13 -.00425534436383246
13 13 .020855394337556
14 13 -.00280279191944066
16 13 .00402841356785488
18 13 -.00477528679810438
20 13 -.00331234456175869
27 13 .00042116973238979
28 13 .000448298148170455
45 13 .00122527776732265
47 13 8.42339464779572e-5
48 13 -.00368358511460305
54 13 .00141494589060809
56 13 8.9659629634092e-5
6 14 .000274159155190927
7 14 -.00196492484033087
8 14 -2.42637741342464e-5
10 14 -.00999431922185612
12 14 .00305608778106198
13 14 -.00280279191944066
14 14 .0450808834290404
16 14 -.0177258502249205
18 14 .000460448139325415
20 14 .000901287896810002
26 14 -8.06253418416753e-6
27 14 -.000323037043703041
28 14 5.42568315613719e-6
36 14 .000274159155190939
38 14 8.0625341841685e-6
39 14 -.00196492484033083
45 14 .00305608778106187
47 14 .000323037043703041
48 14 -.00280279191944054
54 14 .000460448139325404
56 14 -5.42568315613668e-6
9 15 -7.87382058721406e-5
11 15 -.00991705971210555
15 15 .0453770011430414
17 15 -.0176607777946873
21 15 .000873142524522613
26 15 -.000166040683694444
28 15 .000166040683694443
37 15 .000267349851223703
38 15 -.000166040683694444
40 15 -.001955267401612
46 15 .00309310249531199
49 15 -.0027946578656614
55 15 .000456929967789482
56 15 .000166040683694443
12 16 -.00280279191944059
13 16 .00402841356785488
14 16 -.0177258502249205
16 16 .0767440640275208
18 16 -.00331234456175881
20 16 -.020066052753501
27 16 -.00033693578591183
28 16 -.000358638518536384
45 16 -.00280279191944059
47 16 .000336935785911829
48 16 .00402841356785488
54 16 -.00331234456175888
56 16 .000358638518536378
15 17 -.0176607777946873
17 17 .0771889100066496
21 17 -.0200185436945847
27 17 -.000786928129333325
28 17 .000786928129333363
46 17 -.00279465786566145
47 17 -.000786928129333325
49 17 .00408401931524599
55 17 -.00330640592939434
56 17 .000786928129333363
12 18 .000120985828535349
13 18 -.00477528679810438
14 18 .000460448139325415
16 18 -.00331234456175881
18 18 .0177353899790181
19 18 -.00735234122747824
20 18 .0055215689462528
22 18 -.00443473567007724
27 18 6.78210394517106e-6
28 18 .000455191212258576
29 18 -4.56401755028981e-6
45 18 -.000125887923995464
47 18 1.35642078903476e-6
48 18 .00141494589060807
54 18 -.0036336869191933
56 18 9.10382424517131e-5
57 18 .0020194812986027
59 18 -9.12803510059182e-7
18 19 -.00735234122747824
19 19 .0278002719501697
20 19 -.00443473567007732
22 19 .0071597921415332
28 19 .000448775757947188
29 19 .000467031828148334
54 19 .00201948129860274
56 19 8.97551515894363e-5
57 19 -.00533824663604107
59 19 9.34063656296696e-5
12 20 .000460448139325373
13 20 -.00331234456175869
14 20 .000901287896810002
16 20 -.020066052753501
18 20 .0055215689462528
19 20 -.00443473567007732
20 20 .0674499501318064
22 20 -.0302009110556605
27 20 -5.42568315613581e-6
28 20 -.000364152969806865
29 20 3.6512140402328e-6
45 20 .000460448139325369
47 20 5.42568315613557e-6
48 20 -.00331234456175863
54 20 .00552156894625305
56 20 .000364152969806842
57 20 -.00443473567007777
59 20 -3.6512140402352e-6
15 21 .000873142524522613
17 21 -.0200185436945847
21 21 .0676259921285891
23 21 -.0301617061754667
27 21 -.000227423380972223
28 21 5.55805401702969e-15
29 21 .000227423380966669
46 21 .000456929967789448
47 21 -.000227423380972221
49 21 -.00330640592939409
55 21 .00554357419585089
56 21 5.5649929109336e-15
58 21 -.00442983506005354
59 21 .000227423380966669
18 22 -.00443473567007724
19 22 .0071597921415332
20 22 -.0302009110556605
22 22 .104167685539583
28 22 -.000359020606357745
29 22 -.000373625462518689
54 22 -.00443473567007779
56 22 .000359020606357733
57 22 .00715979214153381
59 22 .000373625462518677
21 23 -.0301617061754667
23 23 .10445148027595
28 23 -.00101040231745555
29 23 .00101040231745559
55 23 -.00442983506005359
56 23 -.00101040231745555
58 23 .00719526648357974
59 23 .00101040231745559
1 24 -.000101304652991417
2 24 .000111111111138584
3 24 .000130724027431716
4 24 -.00022222222232971
6 24 -9.80645818000349e-6
8 24 9.14981948323115e-5
24 24 .00107401657861875
25 24 -2.99521994072459e-6
26 24 2.99521993525148e-6
30 24 5.42101086242752e-20
31 24 -.000888888888916018
33 24 .000130724027431723
34 24 -.000222222222329708
36 24 -.000185127688958424
38 24 -1.62630325872826e-19
41 24 9.14981948323167e-5
64 24 -.000101304652991417
65 24 2.99521994072459e-6
66 24 .000111111111138582
71 24 -9.80645818000501e-6
73 24 -2.99521993525148e-6
1 25 1.49760997036229e-5
2 25 .000119808797519522
3 25 -1.19808797628984e-5
4 25 -9.58470380156185e-5
5 25 -.000182428675211112
6 25 1.49760996762581e-5
8 25 -1.19808797410062e-5
9 25 -9.12143375888892e-5
24 25 -2.99521994072459e-6
25 25 0
31 25 -2.39617595039043e-5
32 25 8.23993651088985e-20
36 25 -2.99521993525163e-6
37 25 1.73472347597681e-20
1 26 -1.49760996762575e-5
2 26 .000179713196224553
3 26 1.19808797410066e-5
4 26 -.000143770556979647
5 26 .00018242867521112
6 26 .000267717305541416
7 26 .000326333823236727
8 26 -.000214173844433136
9 26 5.55284984660176e-15
10 26 -.00026106705858938
11 26 -.000514510042555552
12 26 1.0078167730213e-5
14 26 -8.06253418416753e-6
15 26 -.000166040683694444
24 26 2.99521993525148e-6
26 26 0
31 26 -3.594263924491e-5
32 26 -3.12250225675826e-19
36 26 -5.35434611082814e-5
37 26 9.81202966099383e-20
39 26 -6.52667646473442e-5
40 26 5.3342746886287e-19
45 26 -2.01563354604305e-6
46 26 -1.60461921527855e-19
6 27 -1.00781677302105e-5
7 27 .000366646494157559
8 27 8.06253418416872e-6
9 27 9.12143375833333e-5
10 27 -.000293317195326066
11 27 .000514510042555573
12 27 .000403796304628806
13 27 .00042116973238979
14 27 -.000323037043703041
16 27 -.00033693578591183
17 27 -.000786928129333325
18 27 6.78210394517106e-6
20 27 -5.42568315613581e-6
21 27 -.000227423380972223
27 27 0
36 27 2.01563354604242e-6
37 27 1.12757025938492e-19
39 27 -7.33292988315116e-5
40 27 -8.153200337091e-19
45 27 -8.07592609257616e-5
46 27 2.17653586126464e-19
48 27 -8.42339464779576e-5
49 27 6.88468379528298e-19
54 27 -1.35642078903466e-6
55 27 6.50521303491303e-21
12 28 -6.78210394516873e-6
13 28 .000448298148170455
14 28 5.42568315613719e-6
15 28 .000166040683694443
16 28 -.000358638518536384
17 28 .000786928129333363
18 28 .000455191212258576
19 28 .000448775757947188
20 28 -.000364152969806865
21 28 5.55805401702969e-15
22 28 -.000359020606357745
23 28 -.00101040231745555
28 28 0
45 28 1.3564207890341e-6
46 28 6.93889390390723e-20
48 28 -8.96596296340916e-5
54 28 -9.10382424517075e-5
55 28 5.17435486818708e-19
57 28 -8.97551515894332e-5
58 28 1.15142270717961e-18
18 29 -4.56401755028981e-6
19 29 .000467031828148334
20 29 3.6512140402328e-6
21 29 .000227423380966669
22 29 -.000373625462518689
23 29 .00101040231745559
29 29 0
54 29 9.12803510060029e-7
55 29 4.98732999343333e-20
57 29 -9.34063656296692e-5
58 29 -4.85722573273505e-19
1 30 2.99521994072463e-6
2 30 2.39617595039045e-5
3 30 1.19808797628981e-5
4 30 9.5847038015618e-5
5 30 -.000182428675211113
6 30 2.99521993525159e-6
8 30 1.19808797410063e-5
9 30 -9.12143375888892e-5
24 30 5.42101086242752e-20
30 30 0
31 30 4.33680868994202e-19
32 30 -.000182428675211113
33 30 -1.19808797628983e-5
34 30 -9.5847038015618e-5
35 30 -.000182428675211112
36 30 5.42101086242752e-20
37 30 -9.12143375888901e-5
41 30 -1.19808797410063e-5
42 30 -9.12143375888896e-5
64 30 -2.9952199407246e-6
66 30 -2.39617595039043e-5
67 30 2.38524477946812e-20
71 30 -2.9952199352516e-6
72 30 3.2092384305571e-19
1 31 .000111111111138584
2 31 -.000731985558681598
3 31 -.000222222222329709
4 31 .000313806661280884
6 31 .000261448055050116
8 31 -.000810437223936901
24 31 -.000888888888916018
25 31 -2.39617595039043e-5
26 31 -3.594263924491e-5
30 31 4.33680868994202e-19
31 31 .0100731541417546
33 31 -.000222222222329721
34 31 .000313806661280901
36 31 -.00103726702299981
38 31 8.67361737988404e-19
41 31 -.000810437223936956
64 31 .000111111111138586
65 31 2.39617595039045e-5
66 31 -.000731985558681595
71 31 .000261448055050125
73 31 3.59426392449104e-5
5 32 .000758251105617058
9 32 -.000810437223950432
25 32 8.23993651088985e-20
26 32 -3.12250225675826e-19
30 32 -.000182428675211113
32 32 .0118509319190992
35 32 .000758251105617083
37 32 -.00103726702305395
38 32 .000182428675211122
42 32 -.000810437223950487
65 32 -2.16840434497101e-20
67 32 -.000954207780849679
72 32 .000261448055056892
73 32 3.64291929955131e-19
24 33 .000130724027431723
30 33 -1.19808797628983e-5
31 33 -.000222222222329721
33 33 .0020042626001353
34 33 -.0017777777779371
36 33 9.1498194832321e-5
38 33 1.19808797410066e-5
41 33 -.000226484820972251
64 33 .000130724027431711
65 33 1.19808797628983e-5
66 33 -.000222222222329701
71 33 9.14981948323158e-5
73 33 -1.19808797410066e-5
24 34 -.000222222222329708
30 34 -9.5847038015618e-5
31 34 .000313806661280901
33 34 -.0017777777779371
34 34 .0178459793713446
36 34 -.00081043722393697
38 34 -.000143770556979647
41 34 -.0026496162736728
64 34 -.000222222222329712
65 34 9.5847038015618e-5
66 34 .000313806661280874
71 34 -.000810437223936936
73 34 .000143770556979645
30 35 -.000182428675211112
32 35 .000758251105617083
35 35 .0214015349260339
37 35 -.000810437223950501
38 35 .000182428675211121
42 35 -.00264961627378107
65 35 -.000182428675211114
67 35 .000758251105617044
72 35 -.000810437223950473
73 35 .000182428675211117
1 36 -9.80645818000393e-6
2 36 .000261448055050122
3 36 9.1498194832321e-5
4 36 -.000810437223936956
6 36 -.00111878286411549
7 36 .000593924921768598
8 36 .0012142332896202
10 36 -.00142372998567646
12 36 -5.39219395081581e-5
14 36 .000274159155190939
24 36 -.000185127688958424
25 36 -2.99521993525163e-6
26 36 -5.35434611082814e-5
27 36 2.01563354604242e-6
30 36 5.42101086242752e-20
31 36 -.00103726702299981
33 36 9.1498194832321e-5
34 36 -.00081043722393697
36 36 .0127024818544968
38 36 6.93889390390723e-18
39 36 -.00388650551963819
41 36 .00121423328962032
43 36 -.00142372998567633
45 36 -.000178447163241689
47 36 8.67361737988404e-19
50 36 .000274159155190929
64 36 -9.80645818000284e-6
65 36 2.99521993525163e-6
66 36 .000261448055050109
71 36 -.00111878286411549
73 36 5.35434611082831e-5
74 36 .00059392492176856
80 36 -5.39219395081572e-5
82 36 -2.01563354604213e-6
5 37 -.000810437223950487
9 37 .0013029678148411
11 37 -.00140615020852634
15 37 .000267349851223703
25 37 1.73472347597681e-20
26 37 9.81202966099383e-20
27 37 1.12757025938492e-19
30 37 -9.12143375888901e-5
32 37 -.00103726702305395
35 37 -.000810437223950501
37 37 .0130574199553804
38 37 5.55111512312578e-15
40 37 -.0038161864110377
42 37 .00130296781484123
44 37 -.00140615020852622
46 37 -.000205684379110636
47 37 9.12143375833311e-5
51 37 .000267349851223692
65 37 -3.12250225675826e-19
67 37 .000261448055056877
72 37 -.00116315012672594
73 37 -1.9689111452337e-18
75 37 .000585135033193504
81 37 -5.05172875245393e-5
82 37 -4.33680868994202e-20
1 38 -2.99521993525148e-6
2 38 3.59426392449102e-5
3 38 -1.19808797410066e-5
4 38 .000143770556979645
5 38 .00018242867521112
6 38 5.35434611082831e-5
7 38 6.5266764647345e-5
8 38 .000214173844433127
9 38 5.55111512312578e-15
10 38 .000261067058589377
11 38 -.000514510042555552
12 38 2.01563354604275e-6
14 38 8.0625341841685e-6
15 38 -.000166040683694444
24 38 -1.62630325872826e-19
31 38 8.67361737988404e-19
32 38 .000182428675211122
33 38 1.19808797410066e-5
34 38 -.000143770556979647
35 38 .000182428675211121
36 38 6.93889390390723e-18
37 38 5.55111512312578e-15
38 38 0
39 38 3.46944695195361e-18
40 38 -.000514510042555566
41 38 -.000214173844433136
42 38 5.56152346398164e-15
43 38 -.000261067058589382
44 38 -.000514510042555556
45 38 -7.58941520739853e-19
46 38 -.000166040683694446
50 38 -8.06253418416769e-6
51 38 -.000166040683694447
64 38 2.99521993525147e-6
66 38 -3.594263924491e-5
67 38 -5.72458747072346e-19
71 38 -5.3543461108281e-5
72 38 1.7612864292027e-18
74 38 -6.52667646473442e-5
75 38 7.87130777224478e-19
80 38 -2.01563354604302e-6
81 38 5.42101086242752e-19
6 39 .000593924921768577
7 39 -.00219327324152756
8 39 -.00142372998567643
10 39 .00172550206426114
12 39 .000767771938885799
14 39 -.00196492484033083
26 39 -6.52667646473442e-5
27 39 -7.33292988315116e-5
36 39 -.00388650551963819
38 39 3.46944695195361e-18
39 39 .0273033488011318
41 39 -.0014237299856765
43 39 .00172550206426109
45 39 -.00456777864836913
47 39 3.46944695195361e-18
50 39 -.00196492484033091
71 39 .000593924921768615
73 39 6.5266764647345e-5
74 39 -.00219327324152754
80 39 .000767771938885824
82 39 7.33292988315108e-5
9 40 -.00140615020852632
11 40 .00182984227415635
15 40 -.001955267401612
26 40 5.3342746886287e-19
27 40 -8.153200337091e-19
37 40 -.0038161864110377
38 40 -.000514510042555566
40 40 .0277207096407126
42 40 -.00140615020852638
44 40 .00182984227415628
46 40 -.00452914889349385
47 40 .000514510042555576
51 40 -.00195526740161209
72 40 .000585135033193556
73 40 -6.50521303491306e-19
75 40 -.00224544334647514
81 40 .000762943219526413
82 40 9.7144514654701e-19
24 41 9.14981948323167e-5
30 41 -1.19808797410063e-5
31 41 -.000810437223936956
33 41 -.000226484820972251
34 41 -.0026496162736728
36 41 .00121423328962032
38 41 -.000214173844433136
39 41 -.0014237299856765
41 41 .023358298831772
43 41 -.00824477132355472
45 41 .000274159155190974
47 41 8.06253418416872e-6
50 41 -2.42637741342394e-5
64 41 9.14981948323141e-5
65 41 1.19808797410063e-5
66 41 -.000810437223936908
71 41 .00121423328962006
73 41 .000214173844433127
74 41 -.00142372998567638
80 41 .000274159155190952
82 41 -8.06253418417018e-6
30 42 -9.12143375888896e-5
32 42 -.000810437223950487
35 42 -.00264961627378107
37 42 .00130296781484123
38 42 5.56152346398164e-15
40 42 -.00140615020852638
42 42 .0240681750335392
44 42 -.00810413310635372
46 42 .000267349851223737
47 42 9.12143375833355e-5
51 42 -7.87382058721336e-5
65 42 -9.12143375888888e-5
67 42 -.000810437223950439
72 42 .00130296781484097
73 42 5.55111512312578e-15
75 42 -.00140615020852626
81 42 .000267349851223715
82 42 9.12143375833333e-5
36 43 -.00142372998567633
38 43 -.000261067058589382
39 43 .00172550206426109
41 43 -.00824477132355472
43 43 .0492846087646752
45 43 -.00196492484033102
47 43 -.000293317195326064
50 43 -.00999431922185612
71 43 -.00142372998567648
73 43 .000261067058589378
74 43 .0017255020642611
80 43 -.00196492484033098
82 43 .000293317195326066
37 44 -.00140615020852622
38 44 -.000514510042555556
40 44 .00182984227415628
42 44 -.00810413310635372
44 44 .0501193304438368
46 44 -.0019552674016122
47 44 .00051451004255558
51 44 -.00991705971210555
72 44 -.00140615020852636
73 44 -.000514510042555552
75 44 .00182984227415629
81 44 -.00195526740161216
82 44 .000514510042555573
6 45 -5.39219395081581e-5
7 45 .000767771938885817
8 45 .000274159155190967
10 45 -.00196492484033103
12 45 -.00230175068480142
13 45 .00122527776732265
14 45 .00305608778106187
16 45 -.00280279191944059
18 45 -.000125887923995464
20 45 .000460448139325369
26 45 -2.01563354604305e-6
27 45 -8.07592609257616e-5
28 45 1.3564207890341e-6
36 45 -.000178447163241689
38 45 -7.58941520739853e-19
39 45 -.00456777864836913
41 45 .000274159155190974
43 45 -.00196492484033102
45 45 .0240878553030613
48 45 -.00851068872766497
50 45 .00305608778106227
52 45 -.00280279191944054
54 45 .000241971657070718
56 45 -8.13151629364128e-20
60 45 .000460448139325383
71 45 -5.39219395081598e-5
73 45 2.01563354604271e-6
74 45 .000767771938885789
80 45 -.00230175068480142
82 45 8.07592609257603e-5
83 45 .00122527776732259
89 45 -.000125887923995459
91 45 -1.3564207890341e-6
9 46 .00026734985122373
11 46 -.00195526740161221
15 46 .00309310249531199
17 46 -.00279465786566145
21 46 .000456929967789448
26 46 -1.60461921527855e-19
27 46 2.17653586126464e-19
28 46 6.93889390390723e-20
37 46 -.000205684379110636
38 46 -.000166040683694446
40 46 -.00452914889349385
42 46 .000267349851223737
44 46 -.0019552674016122
46 46 .0242359141600618
47 46 -1.90819582357449e-17
49 46 -.00847815251254841
51 46 .00309310249531239
53 46 -.0027946578656614
55 46 .00022789897092702
56 46 .000166040683694439
61 46 .000456929967789461
72 46 -5.05172875245414e-5
73 46 -4.0766001685455e-19
75 46 .000762943219526378
81 46 -.00232025804192647
82 46 -2.86988315056913e-18
84 46 .00122121074043303
90 46 -.000124128838227497
91 46 -5.20417042793043e-20
6 47 -2.01563354604208e-6
7 47 7.33292988315108e-5
8 47 -8.06253418417018e-6
9 47 9.12143375833333e-5
10 47 .000293317195326064
11 47 .00051451004255558
12 47 8.07592609257599e-5
13 47 8.42339464779572e-5
14 47 .000323037043703041
16 47 .000336935785911829
17 47 -.000786928129333325
18 47 1.35642078903476e-6
20 47 5.42568315613557e-6
21 47 -.000227423380972221
36 47 8.67361737988404e-19
37 47 9.12143375833311e-5
39 47 3.46944695195361e-18
40 47 .000514510042555576
41 47 8.06253418416872e-6
42 47 9.12143375833355e-5
43 47 -.000293317195326064
44 47 .00051451004255558
46 47 -1.90819582357449e-17
47 47 0
49 47 -.000786928129333356
50 47 -.000323037043703041
52 47 -.00033693578591183
53 47 -.000786928129333321
54 47 2.16840434497101e-19
55 47 -.000227423380972216
60 47 -5.42568315613578e-6
61 47 -.000227423380972223
71 47 2.01563354604242e-6
72 47 -6.07153216591881e-20
74 47 -7.33292988315112e-5
75 47 -9.1940344226771e-19
80 47 -8.07592609257612e-5
81 47 2.52320950591689e-18
83 47 -8.42339464779576e-5
84 47 1.49294639151254e-18
89 47 -1.35642078903473e-6
90 47 7.76288755499624e-19
12 48 .00122527776732263
13 48 -.00368358511460305
14 48 -.00280279191944054
16 48 .00402841356785488
18 48 .00141494589060807
20 48 -.00331234456175863
27 48 -8.42339464779576e-5
28 48 -8.96596296340916e-5
45 48 -.00851068872766497
48 48 .0417107886751125
50 48 -.00280279191944088
52 48 .00402841356785497
54 48 -.00955057359620881
56 48 1.73472347597681e-18
60 48 -.0033123445617588
80 48 .0012252777673227
82 48 8.42339464779576e-5
83 48 -.00368358511460304
89 48 .00141494589060809
91 48 8.9659629634092e-5
15 49 -.0027946578656614
17 49 .00408401931524599
21 49 -.00330640592939409
27 49 6.88468379528298e-19
46 49 -.00847815251254841
47 49 -.000786928129333356
49 49 .0419332116646769
51 49 -.00279465786566176
53 49 .00408401931524607
55 49 -.00952681906675057
56 49 .000786928129333366
61 49 -.00330640592939425
81 49 .00122121074043312
82 49 -1.04300248993106e-18
84 49 -.00371138798829859
90 49 .00141197657442581
91 49 1.30104260698261e-18
36 50 .000274159155190929
38 50 -8.06253418416769e-6
39 50 -.00196492484033091
41 50 -2.42637741342394e-5
43 50 -.00999431922185612
45 50 .00305608778106227
47 50 -.000323037043703041
48 50 -.00280279191944088
50 50 .0450808834290408
52 50 -.0177258502249205
54 50 .000460448139325473
56 50 5.42568315613706e-6
60 50 .000901287896810016
71 50 .000274159155190945
73 50 8.06253418416877e-6
74 50 -.00196492484033083
80 50 .00305608778106158
82 50 .000323037043703041
83 50 -.00280279191944038
89 50 .000460448139325349
91 50 -5.42568315613711e-6
37 51 .000267349851223692
38 51 -.000166040683694447
40 51 -.00195526740161209
42 51 -7.87382058721336e-5
44 51 -.00991705971210555
46 51 .00309310249531239
49 51 -.00279465786566176
51 51 .0453770011430417
53 51 -.0176607777946873
55 51 .000456929967789552
56 51 .000166040683694446
61 51 .000873142524522627
72 51 .000267349851223708
73 51 -.000166040683694444
75 51 -.001955267401612
81 51 .00309310249531169
82 51 -3.46944695195361e-18
84 51 -.00279465786566126
90 51 .00045692996778943
91 51 .000166040683694443
45 52 -.00280279191944054
47 52 -.00033693578591183
48 52 .00402841356785497
50 52 -.0177258502249205
52 52 .0767440640275208
54 52 -.00331234456175894
56 52 -.000358638518536384
60 52 -.020066052753501
80 52 -.00280279191944061
82 52 .000336935785911829
83 52 .00402841356785472
89 52 -.00331234456175865
91 52 .000358638518536382
46 53 -.0027946578656614
47 53 -.000786928129333321
49 53 .00408401931524607
51 53 -.0176607777946873
53 53 .0771889100066496
55 53 -.00330640592939439
56 53 .000786928129333363
61 53 -.0200185436945846
81 53 -.00279465786566147
82 53 -.000786928129333325
84 53 .00408401931524582
90 53 -.0033064059293941
91 53 .000786928129333356
12 54 -.000125887923995462
13 54 .00141494589060809
14 54 .000460448139325404
16 54 -.00331234456175888
18 54 -.0036336869191933
19 54 .00201948129860274
20 54 .00552156894625305
22 54 -.00443473567007779
27 54 -1.35642078903466e-6
28 54 -9.10382424517075e-5
29 54 9.12803510060029e-7
45 54 .000241971657070718
47 54 2.16840434497101e-19
48 54 -.00955057359620881
50 54 .000460448139325473
52 54 -.00331234456175894
54 54 .0354707799580367
56 54 2.68882138776405e-17
57 54 -.0147046824549574
59 54 6.39679281766448e-18
60 54 .00552156894625314
62 54 -.00443473567007707
80 54 -.000125887923995465
82 54 1.35642078903466e-6
83 54 .00141494589060805
89 54 -.00363368691919329
91 54 9.10382424517131e-5
92 54 .00201948129860263
94 54 -9.12803510059145e-7
15 55 .000456929967789482
17 55 -.00330640592939434
21 55 .00554357419585089
23 55 -.00442983506005359
27 55 6.50521303491303e-21
28 55 5.17435486818708e-19
29 55 4.98732999343333e-20
46 55 .00022789897092702
47 55 -.000227423380972216
49 55 -.00952681906675057
51 55 .000456929967789552
53 55 -.00330640592939439
55 55 .0355588009564278
56 55 5.55805401702969e-15
58 55 -.0146850800148605
59 55 .000227423380966662
61 55 .00554357419585094
63 55 -.00442983506005284
81 55 -.000124128838227503
82 55 -3.57786716920218e-19
84 55 .00141197657442577
90 55 -.00364468954399221
91 55 -3.51660974645675e-18
93 55 .00201703099359053
94 55 -3.25260651745652e-20
12 56 -1.35642078903414e-6
13 56 8.9659629634092e-5
14 56 -5.42568315613668e-6
15 56 .000166040683694443
16 56 .000358638518536378
17 56 .000786928129333363
18 56 9.10382424517131e-5
19 56 8.97551515894363e-5
20 56 .000364152969806842
21 56 5.5649929109336e-15
22 56 .000359020606357733
23 56 -.00101040231745555
45 56 -8.13151629364128e-20
46 56 .000166040683694439
48 56 1.73472347597681e-18
49 56 .000786928129333366
50 56 5.42568315613706e-6
51 56 .000166040683694446
52 56 -.000358638518536384
53 56 .000786928129333363
54 56 2.68882138776405e-17
55 56 5.55805401702969e-15
56 56 0
57 56 5.20417042793042e-18
58 56 -.00101040231745557
60 56 -.000364152969806865
61 56 5.57887069874141e-15
62 56 -.000359020606357745
63 56 -.00101040231745556
80 56 1.35642078903412e-6
81 56 -8.02309607639275e-20
83 56 -8.96596296340916e-5
84 56 -1.56125112837913e-18
89 56 -9.10382424517079e-5
90 56 3.89824891117162e-18
92 56 -8.97551515894332e-5
93 56 1.40295761119625e-18
18 57 .0020194812986027
19 57 -.00533824663604107
20 57 -.00443473567007777
22 57 .00715979214153381
28 57 -8.97551515894332e-5
29 57 -9.34063656296692e-5
54 57 -.0147046824549574
56 57 5.20417042793042e-18
57 57 .0556005439003406
59 57 -1.56125112837913e-17
60 57 -.00443473567007763
62 57 .00715979214153326
89 57 .00201948129860278
91 57 8.97551515894376e-5
92 57 -.00533824663604104
94 57 9.34063656296709e-5
21 58 -.00442983506005354
23 58 .00719526648357974
28 58 1.15142270717961e-18
29 58 -4.85722573273505e-19
55 58 -.0146850800148605
56 58 -.00101040231745557
58 58 .0557424412685243
59 58 .00101040231745558
61 58 -.0044298350600534
63 58 .00719526648357921
90 58 .00201703099359068
91 58 -1.17635935714677e-18
93 58 -.00535598380706401
94 58 2.09901540593194e-18
18 59 -9.12803510059182e-7
19 59 9.34063656296696e-5
20 59 -3.6512140402352e-6
21 59 .000227423380966669
22 59 .000373625462518677
23 59 .00101040231745559
54 59 6.39679281766448e-18
55 59 .000227423380966662
57 59 -1.56125112837913e-17
58 59 .00101040231745558
59 59 0
60 59 3.65121404023298e-6
61 59 .000227423380966672
62 59 -.000373625462518691
63 59 .00101040231745559
89 59 9.12803510059945e-7
90 59 -3.25260651745652e-20
92 59 -9.34063656296692e-5
93 59 -2.6107588313451e-18
45 60 .000460448139325383
47 60 -5.42568315613578e-6
48 60 -.0033123445617588
50 60 .000901287896810016
52 60 -.020066052753501
54 60 .00552156894625314
56 60 -.000364152969806865
57 60 -.00443473567007763
59 60 3.65121404023298e-6
60 60 .0674499501318073
62 60 -.0302009110556611
80 60 .000460448139325366
82 60 5.425683156136e-6
83 60 -.00331234456175855
89 60 .00552156894625261
91 60 .000364152969806842
92 60 -.00443473567007752
94 60 -3.65121404023533e-6
46 61 .000456929967789461
47 61 -.000227423380972223
49 61 -.00330640592939425
51 61 .000873142524522627
53 61 -.0200185436945846
55 61 .00554357419585094
56 61 5.57887069874141e-15
58 61 -.0044298350600534
59 61 .000227423380966672
61 61 .06762599212859
63 61 -.0301617061754675
81 61 .000456929967789448
82 61 -.00022742338097222
84 61 -.00330640592939399
90 61 .00554357419585044
91 61 5.5719318048375e-15
93 61 -.00442983506005329
94 61 .000227423380966671
54 62 -.00443473567007707
56 62 -.000359020606357745
57 62 .00715979214153326
59 62 -.000373625462518691
60 62 -.0302009110556611
62 62 .104167685539584
89 62 -.00443473567007782
91 62 .000359020606357733
92 62 .00715979214153364
94 62 .000373625462518677
55 63 -.00442983506005284
56 63 -.00101040231745556
58 63 .00719526648357921
59 63 .00101040231745559
61 63 -.0301617061754675
63 63 .104451480275951
90 63 -.00442983506005359
91 63 -.00101040231745556
93 63 .00719526648357957
94 63 .00101040231745558
24 64 -.000101304652991417
30 64 -2.9952199407246e-6
31 64 .000111111111138586
33 64 .000130724027431711
34 64 -.000222222222329712
36 64 -9.80645818000284e-6
38 64 2.99521993525147e-6
41 64 9.14981948323141e-5
64 64 .00107401657861875
65 64 -5.42101086242752e-20
66 64 -.000888888888916022
68 64 .000130724027431728
69 64 -.000222222222329714
71 64 -.000185127688958424
73 64 -1.0842021724855e-19
76 64 9.14981948323254e-5
122 64 -.000101304652991414
123 64 2.99521994072466e-6
124 64 .00011111111113858
126 64 -9.80645818000783e-6
128 64 -2.99521993525148e-6
24 65 2.99521994072459e-6
31 65 2.39617595039045e-5
32 65 -2.16840434497101e-20
33 65 1.19808797628983e-5
34 65 9.5847038015618e-5
35 65 -.000182428675211114
36 65 2.99521993525163e-6
37 65 -3.12250225675826e-19
41 65 1.19808797410063e-5
42 65 -9.12143375888888e-5
64 65 -5.42101086242752e-20
65 65 0
66 65 -4.33680868994202e-19
67 65 -.000182428675211115
68 65 -1.19808797628983e-5
69 65 -9.58470380156176e-5
70 65 -.000182428675211113
71 65 2.71050543121376e-19
72 65 -9.12143375888901e-5
76 65 -1.19808797410063e-5
77 65 -9.12143375888914e-5
122 65 -2.99521994072463e-6
124 65 -2.39617595039044e-5
125 65 3.83807569059869e-19
126 65 -2.99521993525165e-6
127 65 4.33680868994202e-19
24 66 .000111111111138582
30 66 -2.39617595039043e-5
31 66 -.000731985558681595
33 66 -.000222222222329701
34 66 .000313806661280874
36 66 .000261448055050109
38 66 -3.594263924491e-5
41 66 -.000810437223936908
64 66 -.000888888888916022
65 66 -4.33680868994202e-19
66 66 .0100731541417546
68 66 -.000222222222329732
69 66 .00031380666128103
71 66 -.0010372670229998
76 66 -.000810437223937005
122 66 .000111111111138587
123 66 2.39617595039043e-5
124 66 -.000731985558681612
126 66 .000261448055050144
128 66 3.59426392449102e-5
30 67 2.38524477946812e-20
32 67 -.000954207780849679
35 67 .000758251105617041
37 67 .000261448055056877
38 67 -5.72458747072346e-19
42 67 -.000810437223950439
65 67 -.000182428675211115
67 67 .0118509319190993
70 67 .000758251105617218
72 67 -.00103726702305394
73 67 .000182428675211122
77 67 -.000810437223950536
123 67 -3.14418630020797e-19
125 67 -.000954207780849696
127 67 .00026144805505691
128 67 1.50920942409982e-18
64 68 .000130724027431728
65 68 -1.19808797628983e-5
66 68 -.000222222222329732
68 68 .00200426260013531
69 68 -.00177777777793713
71 68 9.14981948323176e-5
73 68 1.19808797410066e-5
76 68 -.000226484820972251
122 68 .000130724027431697
123 68 1.19808797628983e-5
124 68 -.000222222222329689
126 68 9.14981948323262e-5
128 68 -1.19808797410065e-5
64 69 -.000222222222329714
65 69 -9.58470380156176e-5
66 69 .00031380666128103
68 69 -.00177777777793713
69 69 .0178459793713446
71 69 -.000810437223936943
73 69 -.000143770556979645
76 69 -.0026496162736728
122 69 -.00022222222232971
123 69 9.58470380156185e-5
124 69 .000313806661280849
126 69 -.000810437223936991
128 69 .000143770556979645
65 70 -.000182428675211113
67 70 .000758251105617218
70 70 .0214015349260339
72 70 -.000810437223950473
73 70 .000182428675211121
77 70 -.00264961627378107
123 70 -.000182428675211114
125 70 .000758251105617013
127 70 -.000810437223950522
128 70 .000182428675211121
24 71 -9.80645818000501e-6
30 71 -2.9952199352516e-6
31 71 .000261448055050125
33 71 9.14981948323158e-5
34 71 -.000810437223936936
36 71 -.00111878286411549
38 71 -5.3543461108281e-5
39 71 .000593924921768615
41 71 .00121423328962006
43 71 -.00142372998567648
45 71 -5.39219395081598e-5
47 71 2.01563354604242e-6
50 71 .000274159155190945
64 71 -.000185127688958424
65 71 2.71050543121376e-19
66 71 -.0010372670229998
68 71 9.14981948323176e-5
69 71 -.000810437223936943
71 71 .0127024818544967
73 71 6.93889390390723e-18
74 71 -.00388650551963818
76 71 .00121423328962042
78 71 -.00142372998567635
80 71 -.000178447163241701
82 71 9.75781955236954e-19
85 71 .000274159155190936
113 71 .000593924921768539
115 71 -5.39219395081572e-5
117 71 -2.01563354604208e-6
122 71 -9.80645818000089e-6
123 71 2.99521993525166e-6
124 71 .000261448055050099
126 71 -.00111878286411547
128 71 5.35434611082834e-5
30 72 3.2092384305571e-19
32 72 .000261448055056892
35 72 -.000810437223950473
37 72 -.00116315012672594
38 72 1.7612864292027e-18
40 72 .000585135033193556
42 72 .00130296781484097
44 72 -.00140615020852636
46 72 -5.05172875245414e-5
47 72 -6.07153216591881e-20
51 72 .000267349851223708
65 72 -9.12143375888901e-5
67 72 -.00103726702305394
70 72 -.000810437223950473
72 72 .0130574199553803
73 72 5.55371720833975e-15
75 72 -.00381618641103769
77 72 .00130296781484134
79 72 -.00140615020852623
81 72 -.00020568437911065
82 72 9.12143375833329e-5
86 72 .000267349851223699
114 72 .00058513503319348
116 72 -5.05172875245384e-5
117 72 9.97465998686666e-20
123 72 -5.16080234103099e-19
125 72 .000261448055056865
127 72 -.00116315012672592
128 72 -9.61145225908401e-19
24 73 -2.99521993525148e-6
31 73 3.59426392449104e-5
32 73 3.64291929955131e-19
33 73 -1.19808797410066e-5
34 73 .000143770556979645
35 73 .000182428675211117
36 73 5.35434611082831e-5
37 73 -1.9689111452337e-18
39 73 6.5266764647345e-5
40 73 -6.50521303491306e-19
41 73 .000214173844433127
42 73 5.55111512312578e-15
43 73 .000261067058589378
44 73 -.000514510042555552
45 73 2.01563354604271e-6
46 73 -4.0766001685455e-19
50 73 8.06253418416877e-6
51 73 -.000166040683694444
64 73 -1.0842021724855e-19
67 73 .000182428675211122
68 73 1.19808797410066e-5
69 73 -.000143770556979645
70 73 .000182428675211121
71 73 6.93889390390723e-18
72 73 5.55371720833975e-15
73 73 0
74 73 3.46944695195361e-18
75 73 -.000514510042555563
76 73 -.000214173844433136
77 73 5.55284984660176e-15
78 73 -.000261067058589384
79 73 -.000514510042555552
80 73 -7.58941520739853e-19
81 73 -.000166040683694449
85 73 -8.06253418416769e-6
86 73 -.00016604068369445
113 73 -6.52667646473442e-5
114 73 2.14888870586628e-18
115 73 -2.01563354604302e-6
116 73 8.23993651088986e-19
122 73 2.99521993525151e-6
124 73 -3.59426392449102e-5
125 73 -1.78676518025611e-18
126 73 -5.35434611082812e-5
127 73 1.27393755267047e-18
36 74 .00059392492176856
38 74 -6.52667646473442e-5
39 74 -.00219327324152754
41 74 -.00142372998567638
43 74 .0017255020642611
45 74 .000767771938885789
47 74 -7.33292988315112e-5
50 74 -.00196492484033083
71 74 -.00388650551963818
73 74 3.46944695195361e-18
74 74 .0273033488011319
76 74 -.00142372998567657
78 74 .00172550206426129
80 74 -.00456777864836913
85 74 -.00196492484033105
113 74 -.00219327324152756
115 74 .000767771938885855
117 74 7.33292988315116e-5
126 74 .000593924921768633
128 74 6.5266764647345e-5
37 75 .000585135033193504
38 75 7.87130777224478e-19
40 75 -.00224544334647514
42 75 -.00140615020852626
44 75 .00182984227415631
46 75 .000762943219526378
47 75 -9.1940344226771e-19
51 75 -.001955267401612
72 75 -.00381618641103769
73 75 -.000514510042555563
75 75 .0277207096407127
77 75 -.00140615020852645
79 75 .0018298422741565
81 75 -.00452914889349385
82 75 .00051451004255558
86 75 -.00195526740161223
114 75 -.00224544334647515
116 75 .000762943219526444
117 75 3.34801630863525e-18
127 75 .000585135033193573
128 75 -1.55908272403416e-18
64 76 9.14981948323254e-5
65 76 -1.19808797410063e-5
66 76 -.000810437223937005
68 76 -.000226484820972251
69 76 -.0026496162736728
71 76 .00121423328962042
73 76 -.000214173844433136
74 76 -.00142372998567657
76 76 .0233582988317721
78 76 -.00824477132355472
80 76 .000274159155190964
82 76 8.06253418416872e-6
85 76 -2.42637741342325e-5
113 76 -.00142372998567625
115 76 .000274159155190948
117 76 -8.06253418417018e-6
122 76 9.14981948323002e-5
123 76 1.19808797410062e-5
124 76 -.000810437223936838
126 76 .00121423328961989
128 76 .000214173844433127
65 77 -9.12143375888914e-5
67 77 -.000810437223950536
70 77 -.00264961627378107
72 77 .00130296781484134
73 77 5.55284984660176e-15
75 77 -.00140615020852645
77 77 .0240681750335393
79 77 -.00810413310635372
81 77 .000267349851223727
82 77 9.12143375833355e-5
86 77 -7.87382058721267e-5
114 77 -.00140615020852614
116 77 .000267349851223713
117 77 9.1214337583332e-5
123 77 -9.12143375888888e-5
125 77 -.000810437223950369
127 77 .00130296781484079
128 77 5.55111512312578e-15
71 78 -.00142372998567635
73 78 -.000261067058589384
74 78 .00172550206426129
76 78 -.00824477132355472
78 78 .0492846087646754
80 78 -.00196492484033099
82 78 -.000293317195326066
85 78 -.00999431922185623
113 78 .00172550206426098
115 78 -.00196492484033105
117 78 .000293317195326064
126 78 -.0014237299856765
128 78 .000261067058589377
72 79 -.00140615020852623
73 79 -.000514510042555552
75 79 .00182984227415649
77 79 -.00810413310635372
79 79 .050119330443837
81 79 -.00195526740161217
82 79 .000514510042555583
86 79 -.00991705971210566
114 79 .00182984227415618
116 79 -.00195526740161223
117 79 .00051451004255558
127 79 -.00140615020852638
128 79 -.000514510042555552
36 80 -5.39219395081572e-5
38 80 -2.01563354604302e-6
39 80 .000767771938885824
41 80 .000274159155190952
43 80 -.00196492484033098
45 80 -.00230175068480142
47 80 -8.07592609257612e-5
48 80 .0012252777673227
50 80 .00305608778106158
52 80 -.00280279191944061
54 80 -.000125887923995465
56 80 1.35642078903412e-6
60 80 .000460448139325366
71 80 -.000178447163241701
73 80 -7.58941520739853e-19
74 80 -.00456777864836913
76 80 .000274159155190964
78 80 -.00196492484033099
80 80 .0240878553030612
83 80 -.00851068872766492
85 80 .00305608778106248
87 80 -.00280279191944049
89 80 .000241971657070636
91 80 2.71050543121376e-20
95 80 .000460448139325376
104 80 .00122527776732254
106 80 -.000125887923995453
108 80 -1.35642078903414e-6
113 80 .000767771938885758
115 80 -.00230175068480139
117 80 8.07592609257603e-5
126 80 -5.39219395081555e-5
128 80 2.01563354604279e-6
37 81 -5.05172875245393e-5
38 81 5.42101086242752e-19
40 81 .000762943219526413
42 81 .000267349851223715
44 81 -.00195526740161216
46 81 -.00232025804192647
47 81 2.52320950591689e-18
49 81 .00122121074043312
51 81 .00309310249531169
53 81 -.00279465786566147
55 81 -.000124128838227503
56 81 -8.02309607639275e-20
61 81 .000456929967789448
72 81 -.00020568437911065
73 81 -.000166040683694449
75 81 -.00452914889349385
77 81 .000267349851223727
79 81 -.00195526740161217
